1.483789480148375861e-01    9.814077044597776037e-03
2.911405202142320348e-01    1.861243922065847212e-02
4.294595226308686176e-01    2.739671294965378978e-02
5.634742027354819882e-01    3.616692079082108741e-02
6.933185059024753460e-01    4.492308526727456508e-02
8.191222092860251935e-01    5.366522886606311243e-02
9.410110515301208789e-01    6.239337403822806105e-02
1.059106858442182997e+00    7.110754319886081198e-02
1.173527664755868560e+00    7.980775872716044939e-02
1.284387832104763261e+00    8.849404296649117374e-02
